              estimated angles           reconstructed angles
3.530e+01 -1.047e+02
6.329e+01 -4.563e+01
-1.238e+01 -5.289e+01
-1.114e+02 -4.542e+01
-5.109e+01 -1.220e+02
3.667e+01 -3.875e+01
8.117e+01 -1.599e+01
5.968e+01 -9.587e+00
-1.067e+02 -1.003e+02
-1.230e+02 6.789e+01
3.844e+01 -9.876e+01
-1.205e+02 -6.112e+01
-4.084e+01 2.640e+01
-3.892e+01 -1.606e+01
7.305e+01 -1.085e+02
-1.651e+02 -9.946e+00
-1.685e+01 3.601e+01
-1.249e+02 7.633e+01
-1.245e+01 3.278e+01
3.806e+01 -5.802e+01
7.911e+01 -1.233e+02
-5.473e+01 -2.131e+01
2.117e+01 -2.009e+01
-6.438e+01 2.752e+01
-1.027e+02 -1.196e+02
   -1.390e+02
2.899e+01 -8.070e+01
-4.668e+01 -8.795e+01
-1.457e+02 -8.048e+01
-8.615e+01 -1.564e+02
2.372e+00 -7.306e+01
4.687e+01 -5.030e+01
2.538e+01 -4.389e+01
-1.410e+02 -1.346e+02
-1.573e+02 3.359e+01
4.137e+00 -1.331e+02
-1.548e+02 -9.618e+01
-7.538e+01 -7.985e+00
-7.323e+01 -5.036e+01
3.875e+01 -1.428e+02
-3.886e+01 -4.425e+01
-5.115e+01 1.705e+00
-1.592e+02 4.202e+01
-4.675e+01 -1.518e+00
3.756e+00 -9.309e+01
4.480e+01 -1.576e+02
-8.980e+01 -5.562e+01
-1.313e+01 -5.439e+01
-9.944e+01 -6.963e+00
-1.370e+02 -1.539e+02
