estimated angles reconstructed angles
2.492e+01 1.529e+02
2.125e+02 2.124e+02
2.776e+02 1.882e+01
1.483e+02 7.772e+01
-2.962e+01 8.252e+01
7.732e+01 2.776e+02
2.789e+02 1.740e+01
1.464e+02 9.738e+01
-3.012e+01 6.652e+01
1.468e+02 1.609e+02
2.872e+02 2.140e+02
1.579e+02 2.484e+02
2.374e+02 2.455e+02
1.453e+02 -1.722e+01
1.521e+02 1.572e+02
1.019e+02 1.563e+02
7.432e+01 2.012e+01
1.526e+02 8.072e+01
2.471e+02 -2.802e+01
1.494e+02 8.152e+01
1.568e+02 2.433e+02
2.120e+02 1.476e+02
2.972e+01 1.486e+02
-1.972e+01 7.592e+01
2.662e+01 -3.252e+01
2.516e+02 1.578e+02
1.475e+02 2.872e+01
2.142e+01 2.478e+02
2.844e+02 3.032e+01
2.432e+02 2.398e+02
3.272e+01 6.872e+01
3.182e+01 2.125e+02
6.572e+01 1.003e+02
1.543e+02 2.471e+02
2.352e+01 1.366e+02
1.361e+02 1.476e+02
2.139e+02 6.402e+01
-1.472e+01 3.232e+01
9.788e+01 1.543e+02
1.473e+02 -2.622e+01
3.162e+01 1.822e+01
1.453e+02 2.790e+02
1.593e+02 2.864e+02
9.748e+01 -3.122e+01
1.646e+02 1.619e+02
2.498e+02 2.387e+02
1.503e+02 -2.132e+01
7.232e+01 1.628e+02
1.617e+02 1.593e+02
1.740e+01 1.506e+02
   1.284e+02
1.720e+01   
1.462e+02 -5.100e+00
1.238e+02 5.380e+01
-5.411e+01 5.860e+01
5.340e+01 1.462e+02
1.488e+02 -6.517e+00
1.219e+02 7.289e+01
-5.461e+01 4.260e+01
1.229e+02 1.364e+02
1.654e+02 2.020e+01
1.334e+02   Y
6.578e+01 8.320e+01
1.208e+02 -4.171e+01
1.276e+02 1.327e+02
7.739e+01 1.318e+02
5.040e+01 -3.800e+00
1.281e+02 5.680e+01
8.640e+01 -5.251e+01
1.249e+02 5.760e+01
1.323e+02 7.817e+01
1.620e+01 1.231e+02
5.800e+00 1.241e+02
-4.421e+01 5.200e+01
2.700e+00 -5.701e+01
9.540e+01 1.333e+02
1.230e+02 4.800e+00
-2.500e+00 8.780e+01
1.598e+02 6.400e+00
7.814e+01 7.058e+01
8.800e+00 4.480e+01
7.900e+00 1.720e+01
4.180e+01 7.579e+01
1.298e+02 8.640e+01
-4.000e-01 1.127e+02
1.121e+02 1.231e+02
   4.010e+01
-3.921e+01 8.400e+00
7.339e+01 1.298e+02
1.228e+02 -5.071e+01
7.700e+00 -5.700e+00
1.208e+02 1.490e+02
1.348e+02 1.638e+02
7.299e+01 -5.571e+01
1.401e+02 1.374e+02
9.180e+01 6.838e+01
1.258e+02 -4.581e+01
4.840e+01 1.383e+02
1.372e+02 1.348e+02
-6.518e+00 1.261e+02
