estimated angles reconstructed angles
1.928e+01 1.182e+02
8.188e+01 1.583e+02
1.200e+02 3.141e+01
1.514e+02 -1.566e+02
1.210e+02 -1.526e+02
7.489e+01 7.638e+01
3.325e+01 3.606e+01
6.784e+01 1.498e+02
3.849e+01 3.605e+01
7.514e+01 1.320e+02
8.282e+01 7.221e+01
1.094e+02 5.401e+01
1.457e+02 1.173e+02
1.396e+02 1.606e+02
-9.993e+01 1.490e+02
-3.033e+01 -1.483e+02
3.077e+01 1.456e+02
1.448e+02 1.320e+02
-1.056e+02 -1.160e+01
1.707e+02 -1.442e+02
8.202e+01 7.902e+01
-1.405e+02 -1.055e+01
1.518e+02 -1.482e+02
-1.100e+02 5.683e+01
-9.786e+01 1.248e+02
1.618e+02 1.610e+02
1.264e+02 7.090e+01
-1.323e+01 6.439e+01
-2.799e+01 1.127e+02
1.599e+02 6.739e+01
   9.995e+01
6.360e+01 1.401e+02
1.018e+02 1.308e+01
1.331e+02 -1.749e+02
1.027e+02 -1.710e+02
5.668e+01 5.810e+01
1.492e+01 1.773e+01
4.962e+01 1.315e+02
2.016e+01 1.772e+01
5.692e+01 1.138e+02
6.460e+01 5.393e+01
9.116e+01 3.585e+01
1.275e+02 9.898e+01
1.214e+02 1.423e+02
-1.182e+02 1.308e+02
-4.855e+01 -1.667e+02
1.243e+01 1.273e+02
1.266e+02 1.138e+02
-1.238e+02 -2.988e+01
1.524e+02 -1.626e+02
6.380e+01 6.075e+01
-1.588e+02 -2.877e+01
1.335e+02 -1.665e+02
-1.282e+02 3.867e+01
-1.161e+02 1.066e+02
1.435e+02 1.428e+02
1.081e+02 5.268e+01
-3.150e+01 4.617e+01
-4.620e+01 9.446e+01
1.416e+02 4.917e+01
